<?xml version="1.0" encoding="UTF-8" standalone="no"?>
<!DOCTYPE svg PUBLIC "-//W3C//DTD SVG 20010904//EN"
              "http://www.w3.org/TR/2001/REC-SVG-20010904/DTD/svg10.dtd">

<svg xmlns="http://www.w3.org/2000/svg"
     width="88.9046mm" height="25.0485mm"
     viewBox="0 0 504 142">
  <path id="Selection"
        fill="none" stroke="black" stroke-width="1"
        d="M 241.00,13.00
           C 241.00,13.00 234.00,29.00 234.00,29.00
             249.50,34.02 241.82,38.83 255.00,39.00
             253.66,32.80 245.15,17.51 241.00,13.00 Z
           M 350.00,107.00
           C 350.00,107.00 352.00,107.00 352.00,107.00
             352.00,107.00 359.85,84.00 359.85,84.00
             360.27,82.18 359.87,81.62 359.85,80.00
             359.19,74.54 361.63,74.58 362.69,70.00
             362.69,70.00 363.26,63.00 363.26,63.00
             363.26,63.00 367.51,45.00 367.51,45.00
             369.97,33.94 374.95,28.82 375.00,16.00
             371.15,16.81 366.36,18.09 363.97,21.52
             362.75,23.27 362.84,25.59 360.69,27.41
             357.81,29.83 352.13,28.99 349.99,31.72
             348.66,33.43 349.42,35.67 348.04,39.00
             348.04,39.00 345.58,44.00 345.58,44.00
             345.58,44.00 342.99,63.00 342.99,63.00
             342.44,66.39 341.02,69.53 341.64,73.00
             343.19,81.73 347.98,85.17 348.64,89.00
             349.09,91.65 347.82,93.82 347.71,96.00
             347.62,97.87 349.39,104.92 350.00,107.00 Z
           M 85.00,27.00
           C 83.95,33.42 81.72,33.41 76.00,35.00
             77.95,42.92 78.73,45.04 77.32,53.00
             77.06,54.46 77.11,56.19 76.09,57.40
             74.25,59.61 71.21,58.32 66.09,60.41
             55.50,64.74 60.49,72.30 61.00,78.91
             61.00,78.91 75.00,78.91 75.00,78.91
             77.47,78.52 80.84,77.28 83.00,77.46
             89.23,77.97 90.19,84.40 99.85,80.77
             103.40,79.44 103.07,76.24 102.96,73.00
             102.76,66.82 102.96,60.08 99.00,55.00
             102.80,47.79 99.91,47.42 99.95,42.00
             99.91,38.56 102.57,31.04 99.95,22.00
             99.95,22.00 85.00,27.00 85.00,27.00 Z
           M 351.00,23.00
           C 351.00,23.00 351.00,25.00 351.00,25.00
             351.00,25.00 356.00,24.00 356.00,24.00
             356.00,24.00 351.00,23.00 351.00,23.00 Z
           M 384.00,26.00
           C 384.00,26.00 388.00,27.00 388.00,27.00
             388.00,27.00 384.00,26.00 384.00,26.00 Z
           M 143.00,41.00
           C 142.22,51.87 135.73,52.28 127.00,55.00
             127.10,63.23 129.02,64.21 130.34,71.00
             130.34,71.00 130.34,79.00 130.34,79.00
             132.23,86.51 135.26,89.92 131.00,98.00
             132.53,101.58 133.58,109.05 138.09,109.46
             141.43,109.77 145.01,105.84 148.82,107.54
             151.77,108.85 150.89,111.85 152.09,113.20
             154.04,115.90 158.57,113.75 161.00,113.20
             161.00,108.91 161.29,105.81 159.39,102.00
             157.15,97.50 153.58,95.24 152.66,91.00
             152.11,88.49 152.83,78.38 154.60,76.60
             156.08,75.11 159.89,74.68 162.00,74.14
             162.00,74.14 187.00,71.00 187.00,71.00
             187.00,71.00 185.00,57.00 185.00,57.00
             185.00,57.00 170.00,58.94 170.00,58.94
             170.00,58.94 163.00,58.94 163.00,58.94
             163.00,58.94 151.00,60.00 151.00,60.00
             151.39,58.16 151.72,53.81 152.76,52.60
             154.08,51.07 157.06,50.91 158.96,50.25
             158.96,50.25 164.28,47.65 164.28,47.65
             164.28,47.65 175.00,47.65 175.00,47.65
             178.33,47.00 183.93,47.40 186.01,44.43
             188.50,40.87 185.70,32.95 185.00,29.00
             176.14,29.03 175.43,30.73 172.00,30.75
             166.98,30.78 167.09,28.40 159.04,31.60
             152.35,34.25 153.04,38.73 143.00,41.00 Z
           M 343.00,89.00
           C 334.59,83.93 335.34,78.51 332.33,70.00
             332.33,70.00 319.00,35.00 319.00,35.00
             319.00,35.00 312.00,32.85 312.00,32.85
             309.26,32.28 307.96,33.11 305.00,32.00
             301.86,30.82 297.86,27.29 294.47,30.60
             292.54,32.70 293.60,35.60 294.47,38.00
             296.69,45.51 297.39,46.30 300.97,53.00
             300.97,53.00 308.87,67.68 308.87,67.68
             311.39,70.92 314.44,71.53 317.43,78.00
             320.25,84.07 319.75,91.35 323.53,97.00
             326.32,101.17 328.59,104.97 334.00,104.97
             335.45,104.97 337.20,104.87 338.43,104.01
             342.10,101.44 339.72,96.76 343.00,89.00 Z
           M 395.00,31.11
           C 395.00,31.11 394.00,38.00 394.00,38.00
             394.00,38.00 386.00,35.00 386.00,35.00
             381.84,39.75 386.11,41.31 390.42,49.00
             397.62,61.84 392.25,58.12 400.13,72.00
             403.39,77.73 405.97,80.82 412.69,76.53
             416.04,74.38 414.45,70.47 415.51,65.00
             415.92,62.89 416.64,61.23 416.35,59.00
             416.35,59.00 410.60,40.00 410.60,40.00
             409.83,37.30 408.99,32.90 406.69,31.11
             402.77,28.38 399.13,29.94 395.00,31.11 Z
           M 445.00,36.00
           C 448.75,37.13 450.65,35.66 454.00,34.00
             450.03,32.60 448.43,33.96 445.00,36.00 Z
           M 134.00,47.00
           C 134.00,47.00 140.00,35.00 140.00,35.00
             137.88,35.17 127.46,35.36 126.62,36.04
             124.17,37.99 126.59,43.34 128.52,44.92
             130.08,46.19 132.11,46.54 134.00,47.00 Z
           M 231.00,35.00
           C 231.00,35.00 225.55,52.89 225.55,52.89
             225.55,52.89 227.00,56.00 227.00,56.00
             219.83,64.44 222.13,66.54 220.27,73.00
             220.27,73.00 213.41,92.00 213.41,92.00
             213.41,92.00 213.41,98.00 213.41,98.00
             212.81,101.06 209.21,108.21 209.85,110.70
             210.56,113.41 214.38,113.23 216.60,115.51
             219.15,118.13 216.72,119.15 222.00,127.00
             229.16,124.01 227.68,121.20 229.76,115.00
             229.76,115.00 232.57,108.00 232.57,108.00
             233.35,105.47 233.58,102.50 235.65,100.60
             240.00,96.60 253.05,102.50 252.62,93.91
             252.45,90.45 249.59,84.94 246.81,82.89
             244.31,81.03 241.32,80.90 240.07,78.69
             239.08,76.93 240.65,70.15 241.30,68.09
             243.38,61.44 253.14,61.84 254.82,61.25
             257.05,60.47 258.85,57.98 260.01,56.00
             260.94,54.40 261.68,52.92 261.43,51.00
             260.33,42.75 249.99,46.01 246.13,44.40
             243.03,43.11 242.01,39.90 241.00,37.00
             241.00,37.00 231.00,35.00 231.00,35.00 Z
           M 53.06,37.00
           C 53.06,37.00 35.00,39.61 35.00,39.61
             33.43,40.04 30.96,40.97 30.15,42.50
             28.80,45.03 31.60,48.77 31.86,52.00
             31.86,52.00 31.86,58.00 31.86,58.00
             32.27,64.76 37.25,66.15 36.99,78.00
             36.99,78.00 36.33,86.00 36.33,86.00
             36.33,86.00 36.99,103.00 36.99,103.00
             37.06,105.87 36.69,111.22 38.85,113.38
             41.52,116.04 45.00,112.84 47.58,112.14
             50.42,111.54 53.07,113.16 55.87,112.14
             60.53,110.22 59.06,99.23 59.00,95.00
             59.00,95.00 56.40,79.00 56.40,79.00
             55.13,75.50 51.87,73.51 51.57,70.00
             51.57,70.00 54.44,55.00 54.44,55.00
             54.58,51.82 53.47,50.11 53.06,47.00
             53.06,47.00 53.06,37.00 53.06,37.00 Z
           M 459.00,37.00
           C 456.47,42.11 457.31,44.05 463.00,45.00
             463.00,45.00 459.00,37.00 459.00,37.00 Z
           M 263.00,38.00
           C 263.00,38.00 267.00,45.00 267.00,45.00
             267.00,45.00 263.00,38.00 263.00,38.00 Z
           M 427.00,57.00
           C 425.40,64.11 422.80,65.45 421.51,70.00
             420.59,73.22 421.56,75.82 419.40,78.82
             417.04,82.10 412.08,83.84 409.76,86.47
             407.49,89.05 406.84,93.01 404.24,97.00
             404.24,97.00 400.01,103.00 400.01,103.00
             398.75,105.54 396.82,113.18 398.64,115.53
             402.96,121.08 407.36,116.32 412.00,116.56
             415.71,116.75 416.06,118.89 425.00,119.00
             428.49,111.87 430.79,114.68 434.23,110.69
             436.67,107.87 436.89,104.51 437.00,101.00
             429.82,99.80 428.53,91.89 431.26,86.02
             433.46,81.26 445.01,73.01 450.00,71.00
             450.43,62.43 459.61,61.20 460.40,54.08
             460.74,50.96 458.13,49.53 456.07,47.70
             454.59,46.38 452.69,44.28 450.83,43.82
             448.89,42.96 446.91,43.53 445.00,43.82
             433.93,46.77 437.61,51.98 427.00,57.00 Z
           M 374.00,45.00
           C 374.00,45.00 373.00,52.00 373.00,52.00
             375.07,49.18 375.25,48.29 374.00,45.00 Z
           M 114.00,61.00
           C 114.00,61.00 113.00,80.00 113.00,80.00
             115.18,77.03 116.72,64.69 116.00,61.00
             116.00,61.00 114.00,61.00 114.00,61.00 Z
           M 249.00,69.00
           C 251.02,78.32 257.33,86.08 260.24,95.00
             261.34,98.36 261.30,104.63 264.52,106.99
             266.63,108.24 269.64,107.38 272.00,106.99
             281.31,106.33 278.52,108.26 289.00,105.00
             284.31,96.65 278.02,89.58 276.00,80.00
             276.00,80.00 283.00,79.00 283.00,79.00
             283.00,79.00 276.00,63.00 276.00,63.00
             271.25,64.84 270.41,64.94 267.00,61.00
             258.82,64.84 259.50,68.67 249.00,69.00 Z
           M 83.00,84.00
           C 83.00,96.65 82.99,92.38 85.23,104.00
             85.67,106.25 85.97,110.75 88.31,111.83
             92.09,113.58 94.63,107.59 97.26,106.02
             100.12,104.32 104.14,105.73 106.63,103.40
             107.39,102.70 107.80,101.98 107.90,100.94
             107.98,100.06 104.11,89.28 103.40,88.72
             100.61,86.01 97.21,89.08 93.00,88.72
             89.33,88.59 86.05,85.90 83.00,84.00 Z
           M 159.00,89.00
           C 159.00,89.00 159.00,93.00 159.00,93.00
             166.77,96.81 163.56,100.07 167.43,103.07
             172.32,106.85 178.84,103.97 184.00,103.71
             187.10,103.55 189.04,105.23 194.00,104.94
             204.00,104.36 200.43,97.83 198.12,92.00
             197.26,89.82 196.95,86.70 194.69,85.69
             192.46,84.51 183.52,85.12 181.00,85.69
             181.00,85.69 174.00,88.19 174.00,88.19
             174.00,88.19 159.00,89.00 159.00,89.00 Z
           M 437.00,85.00
           C 437.00,85.00 435.00,90.00 435.00,90.00
             438.33,88.66 438.39,88.53 439.00,85.00
             439.00,85.00 437.00,85.00 437.00,85.00 Z
           M 114.00,95.00
           C 114.00,95.00 114.00,96.00 114.00,96.00
             114.00,96.00 115.00,95.00 115.00,95.00
             115.00,95.00 114.00,95.00 114.00,95.00 Z
           M 185.00,107.00
           C 185.00,107.00 182.00,113.00 182.00,113.00
             182.00,113.00 189.00,111.00 189.00,111.00
             189.00,111.00 185.00,107.00 185.00,107.00 Z
           M 241.00,107.00
           C 241.00,107.00 241.00,109.00 241.00,109.00
             241.00,109.00 245.00,109.00 245.00,109.00
             245.00,109.00 245.00,107.00 245.00,107.00
             245.00,107.00 241.00,107.00 241.00,107.00 Z
           M 360.00,108.00
           C 354.55,112.38 354.28,113.24 355.00,120.00
             358.70,117.71 360.94,112.28 360.00,108.00 Z
           M 343.00,109.00
           C 343.00,109.00 341.03,123.96 341.03,123.96
             341.03,123.96 344.00,128.00 344.00,128.00
             346.92,123.10 350.12,111.49 343.00,109.00 Z
           M 283.00,115.00
           C 287.45,114.84 288.71,115.07 291.00,111.00
             291.00,111.00 290.00,110.00 290.00,110.00
             290.00,110.00 283.00,115.00 283.00,115.00 Z
           M 333.00,111.00
           C 333.00,111.00 334.00,115.00 334.00,115.00
             334.00,115.00 337.00,111.00 337.00,111.00
             337.00,111.00 333.00,111.00 333.00,111.00 Z
           M 99.00,119.00
           C 99.99,118.83 100.83,118.88 101.84,118.41
             106.16,116.40 101.60,111.84 99.59,116.16
             99.12,117.17 99.17,118.01 99.00,119.00 Z
           M 140.00,115.00
           C 140.00,115.00 139.00,120.00 139.00,120.00
             141.07,117.74 141.47,117.77 140.00,115.00 Z
           M 265.00,117.00
           C 265.00,117.00 267.00,121.00 267.00,121.00
             269.48,118.39 269.45,118.57 269.00,115.00
             269.00,115.00 265.00,117.00 265.00,117.00 Z
           M 235.00,117.00
           C 235.00,117.00 233.00,127.00 233.00,127.00
             242.97,125.93 246.96,117.42 235.00,117.00 Z" />
</svg>
