<?xml version="1.0" encoding="UTF-8" standalone="no"?>
<!DOCTYPE svg PUBLIC "-//W3C//DTD SVG 20010904//EN"
              "http://www.w3.org/TR/2001/REC-SVG-20010904/DTD/svg10.dtd">

<svg xmlns="http://www.w3.org/2000/svg"
     width="103.722mm" height="23.6373mm"
     viewBox="0 0 588 134">
  <path id="Selection"
        fill="none" stroke="black" stroke-width="1"
        d="M 447.00,9.00
           C 447.00,9.00 440.00,25.00 440.00,25.00
             455.50,30.02 447.82,34.83 461.00,35.00
             459.66,28.80 451.15,13.51 447.00,9.00 Z
           M 519.00,24.00
           C 520.29,28.51 521.53,28.69 526.00,29.00
             526.00,29.00 519.00,24.00 519.00,24.00 Z
           M 215.00,37.00
           C 214.22,47.87 207.73,48.28 199.00,51.00
             199.10,59.23 201.02,60.21 202.34,67.00
             202.34,67.00 202.34,75.00 202.34,75.00
             204.23,82.51 207.26,85.92 203.00,94.00
             204.53,97.58 205.58,105.05 210.09,105.46
             213.43,105.77 217.01,101.84 220.82,103.54
             223.77,104.85 222.89,107.85 224.09,109.20
             226.04,111.90 230.57,109.75 233.00,109.20
             233.00,104.91 233.29,101.81 231.39,98.00
             229.15,93.50 225.58,91.24 224.66,87.00
             224.11,84.49 224.83,74.38 226.60,72.60
             228.08,71.11 231.89,70.68 234.00,70.14
             234.00,70.14 259.00,67.00 259.00,67.00
             259.00,67.00 257.00,53.00 257.00,53.00
             257.00,53.00 242.00,54.94 242.00,54.94
             242.00,54.94 235.00,54.94 235.00,54.94
             235.00,54.94 223.00,56.00 223.00,56.00
             223.39,54.16 223.72,49.81 224.76,48.60
             226.08,47.07 229.06,46.91 230.96,46.25
             230.96,46.25 236.28,43.65 236.28,43.65
             236.28,43.65 247.00,43.65 247.00,43.65
             250.33,43.00 255.93,43.40 258.01,40.43
             260.50,36.87 257.70,28.95 257.00,25.00
             248.14,25.03 247.43,26.73 244.00,26.75
             238.98,26.78 239.09,24.40 231.04,27.60
             224.35,30.25 225.04,34.73 215.00,37.00 Z
           M 387.00,31.00
           C 387.00,31.00 398.00,31.00 398.00,31.00
             398.00,31.00 395.00,25.00 395.00,25.00
             391.11,26.49 389.18,27.34 387.00,31.00 Z
           M 121.00,27.00
           C 121.00,27.00 117.58,48.00 117.58,48.00
             117.58,48.00 118.33,71.00 118.33,71.00
             117.79,79.17 112.57,89.81 116.56,97.77
             118.29,101.22 121.61,100.51 123.35,102.58
             126.34,106.15 117.46,114.79 126.02,114.48
             127.11,114.44 129.89,113.61 131.00,113.23
             141.40,109.64 137.99,101.34 138.13,95.00
             138.13,95.00 138.13,88.00 138.13,88.00
             138.13,88.00 138.13,83.00 138.13,83.00
             138.13,83.00 138.13,76.01 138.13,76.01
             138.13,76.01 138.13,71.44 138.13,71.44
             138.81,67.65 142.37,66.17 142.26,62.82
             142.56,60.77 139.40,53.25 142.26,49.31
             145.77,43.69 160.80,49.80 157.96,56.83
             157.57,57.80 151.65,65.61 150.74,66.45
             148.87,68.18 146.28,69.13 145.15,71.26
             144.63,72.73 144.92,74.45 145.15,76.00
             145.15,76.00 152.00,72.76 152.00,72.76
             162.27,79.71 162.58,75.11 172.00,72.76
             174.80,71.74 178.23,73.26 180.36,70.67
             182.48,68.09 180.67,64.85 181.28,61.00
             182.37,53.99 186.86,52.53 187.00,41.00
             187.00,41.00 184.00,45.00 184.00,45.00
             184.00,45.00 182.00,45.00 182.00,45.00
             181.24,43.12 180.78,41.75 179.49,40.09
             177.09,37.00 166.81,30.37 163.00,29.73
             163.00,29.73 157.00,29.73 157.00,29.73
             157.00,29.73 149.00,29.00 149.00,29.00
             149.00,29.00 134.00,29.00 134.00,29.00
             126.38,28.99 127.80,28.45 121.00,27.00 Z
           M 293.00,42.00
           C 298.71,56.18 307.55,47.89 318.00,49.13
             326.04,50.08 327.85,55.82 332.09,56.63
             335.97,57.38 344.84,52.42 349.00,51.00
             348.94,49.32 348.99,47.61 348.40,46.00
             346.98,42.15 337.68,33.09 333.99,30.75
             332.13,29.57 328.57,27.46 326.32,27.74
             323.75,28.06 320.71,32.37 316.00,34.16
             311.88,35.73 307.40,34.36 304.28,35.56
             302.40,36.28 299.93,39.06 293.00,42.00 Z
           M 45.00,72.00
           C 45.00,72.00 36.82,76.37 36.82,76.37
             36.82,76.37 26.00,73.00 26.00,73.00
             23.68,81.17 26.06,90.45 31.52,96.95
             38.55,105.31 46.49,101.03 42.00,109.00
             48.69,116.83 49.03,109.41 54.09,107.02
             57.83,105.30 65.13,105.84 69.00,107.02
             69.00,107.02 71.00,95.00 71.00,95.00
             64.50,94.48 66.00,93.37 61.00,91.56
             57.86,90.42 55.51,90.78 52.13,88.23
             47.25,84.56 45.33,76.64 47.00,71.00
             47.00,71.00 64.77,77.15 64.77,77.15
             64.77,77.15 68.64,86.69 68.64,86.69
             68.64,86.69 75.98,91.31 75.98,91.31
             75.98,91.31 77.00,109.00 77.00,109.00
             80.76,107.31 88.06,102.61 89.98,98.96
             91.41,96.24 90.77,92.99 91.26,90.00
             91.64,87.64 92.75,85.42 92.75,83.00
             92.74,78.88 87.69,66.10 84.45,63.57
             79.15,59.43 61.89,55.95 55.05,50.45
             52.58,48.46 51.46,46.68 49.89,44.00
             45.46,36.41 46.51,33.43 54.00,29.00
             43.71,26.14 27.31,40.64 33.42,56.96
             35.42,62.32 40.47,64.32 45.00,72.00 Z
           M 505.00,108.83
           C 505.00,108.83 519.57,108.83 519.57,108.83
             519.57,108.83 530.00,100.00 530.00,100.00
             530.00,100.00 527.72,92.00 527.72,92.00
             527.72,92.00 529.47,75.00 529.47,75.00
             529.47,75.00 531.29,68.00 531.29,68.00
             531.29,68.00 531.29,61.00 531.29,61.00
             531.29,61.00 532.70,53.00 532.70,53.00
             532.70,53.00 532.00,37.00 532.00,37.00
             528.06,37.00 524.69,37.29 521.05,35.40
             517.91,33.77 513.42,27.67 509.51,30.07
             505.46,32.57 507.61,41.20 507.47,45.00
             507.47,45.00 507.47,51.00 507.47,51.00
             506.93,53.18 506.78,58.86 507.47,60.74
             509.17,64.39 513.35,64.00 512.94,72.00
             512.50,80.56 507.38,80.57 505.71,86.09
             504.80,89.11 505.00,104.74 505.00,108.83 Z
           M 53.00,39.00
           C 53.00,39.00 60.00,42.68 60.00,42.68
             67.22,46.36 68.50,46.14 72.00,54.00
             81.29,52.37 78.04,54.10 85.00,54.94
             85.00,54.94 93.00,54.94 93.00,54.94
             92.12,42.10 78.67,26.67 65.00,30.61
             63.08,31.16 61.69,32.21 60.00,33.19
             56.34,35.30 55.15,35.14 53.00,39.00 Z
           M 206.00,43.00
           C 206.00,43.00 212.00,31.00 212.00,31.00
             209.88,31.17 199.46,31.36 198.62,32.04
             196.17,33.99 198.59,39.34 200.52,40.92
             202.08,42.19 204.11,42.54 206.00,43.00 Z
           M 437.00,31.00
           C 437.00,31.00 431.55,48.89 431.55,48.89
             431.55,48.89 433.00,52.00 433.00,52.00
             425.83,60.44 428.13,62.54 426.27,69.00
             426.27,69.00 419.41,88.00 419.41,88.00
             419.41,88.00 419.41,94.00 419.41,94.00
             418.81,97.06 415.21,104.21 415.85,106.70
             416.56,109.41 420.38,109.23 422.60,111.51
             425.15,114.13 422.72,115.15 428.00,123.00
             435.16,120.01 433.68,117.20 435.76,111.00
             435.76,111.00 438.57,104.00 438.57,104.00
             439.35,101.47 439.58,98.50 441.65,96.60
             446.00,92.60 459.05,98.50 458.62,89.91
             458.45,86.45 455.59,80.94 452.81,78.89
             450.31,77.03 447.32,76.90 446.07,74.69
             445.08,72.93 446.65,66.15 447.30,64.09
             449.38,57.44 459.14,57.84 460.82,57.25
             463.05,56.47 464.85,53.98 466.01,52.00
             466.94,50.40 467.68,48.92 467.43,47.00
             466.33,38.75 455.99,42.01 452.13,40.40
             449.03,39.11 448.01,35.90 447.00,33.00
             447.00,33.00 437.00,31.00 437.00,31.00 Z
           M 469.00,34.00
           C 469.00,34.00 473.00,41.00 473.00,41.00
             473.00,41.00 469.00,34.00 469.00,34.00 Z
           M 382.60,36.07
           C 379.50,40.25 381.63,47.82 380.75,53.00
             380.45,54.93 379.28,57.70 380.75,59.39
             382.96,62.00 394.32,59.06 396.96,57.50
             404.60,52.97 402.63,50.37 403.48,45.17
             403.96,42.85 405.50,41.01 403.48,38.86
             399.72,35.07 393.37,36.80 390.00,36.58
             386.43,36.33 386.45,34.99 382.60,36.07 Z
           M 373.00,41.00
           C 373.00,41.00 371.00,51.00 371.00,51.00
             375.30,48.33 374.94,45.66 375.00,41.00
             375.00,41.00 373.00,41.00 373.00,41.00 Z
           M 334.00,109.22
           C 333.24,100.02 331.97,100.07 325.00,95.55
             325.00,95.55 318.00,90.38 318.00,90.38
             316.48,89.32 313.53,87.69 312.40,86.45
             310.51,84.37 310.70,81.56 309.91,79.00
             307.19,70.14 305.03,66.41 309.00,57.00
             299.50,57.53 297.20,57.51 291.00,49.00
             289.62,49.78 289.00,49.78 288.02,51.29
             286.84,53.10 283.20,65.87 283.51,68.00
             284.49,74.78 284.87,73.02 285.00,81.00
             285.14,88.89 287.67,90.25 292.20,96.09
             297.30,102.67 302.77,109.82 312.00,110.65
             315.41,110.96 317.82,109.30 321.00,109.22
             327.23,109.71 323.42,112.28 334.00,109.22 Z
           M 112.00,51.00
           C 105.34,57.53 103.11,61.56 110.00,69.00
             111.20,64.82 113.48,54.85 112.00,51.00 Z
           M 455.00,65.00
           C 457.02,74.32 463.33,82.08 466.24,91.00
             467.34,94.36 467.30,100.63 470.52,102.99
             472.63,104.24 475.64,103.38 478.00,102.99
             487.31,102.33 484.52,104.26 495.00,101.00
             490.31,92.65 484.02,85.58 482.00,76.00
             482.00,76.00 489.00,75.00 489.00,75.00
             489.00,75.00 482.00,59.00 482.00,59.00
             477.25,60.84 476.41,60.94 473.00,57.00
             464.82,60.84 465.50,64.67 455.00,65.00 Z
           M 319.00,58.00
           C 320.13,60.71 320.13,60.45 323.00,61.00
             323.00,61.00 319.00,58.00 319.00,58.00 Z
           M 397.00,111.00
           C 397.00,111.00 399.06,94.00 399.06,94.00
             399.06,94.00 399.06,85.00 399.06,85.00
             399.06,85.00 401.00,74.00 401.00,74.00
             401.00,74.00 401.00,63.00 401.00,63.00
             401.00,63.00 388.00,66.55 388.00,66.55
             384.45,67.34 382.09,66.52 379.39,69.56
             375.07,74.39 377.18,80.18 376.98,86.00
             376.77,92.21 375.12,91.85 375.00,99.00
             374.97,100.97 374.72,105.88 376.02,107.35
             377.61,109.15 379.84,107.63 383.00,107.97
             387.37,108.44 389.89,110.61 397.00,111.00 Z
           M 337.00,75.00
           C 335.04,81.28 335.49,85.82 329.00,89.00
             331.21,92.62 333.01,92.47 335.53,95.26
             338.36,98.39 338.74,102.72 343.05,102.59
             350.76,102.36 353.39,92.92 355.33,87.00
             356.08,84.68 357.67,80.81 355.97,78.60
             354.65,76.87 351.93,77.10 350.00,76.91
             344.03,76.32 344.74,75.18 337.00,75.00 Z
           M 149.00,82.00
           C 151.34,82.76 151.37,82.83 153.00,81.00
             153.00,81.00 149.00,82.00 149.00,82.00 Z
           M 231.00,85.00
           C 231.00,85.00 231.00,89.00 231.00,89.00
             238.77,92.81 235.56,96.07 239.43,99.07
             244.32,102.85 250.84,99.97 256.00,99.71
             259.10,99.55 261.04,101.23 266.00,100.94
             276.00,100.36 272.43,93.83 270.12,88.00
             269.26,85.82 268.95,82.70 266.69,81.69
             264.46,80.51 255.52,81.12 253.00,81.69
             253.00,81.69 246.00,84.19 246.00,84.19
             246.00,84.19 231.00,85.00 231.00,85.00 Z
           M 549.00,89.00
           C 549.00,89.00 560.00,88.00 560.00,88.00
             555.45,85.39 552.03,83.65 549.00,89.00 Z
           M 361.00,87.00
           C 361.00,87.00 359.00,95.00 359.00,95.00
             361.12,92.17 361.50,90.51 361.00,87.00 Z
           M 96.00,90.00
           C 96.00,90.00 95.00,94.00 95.00,94.00
             95.00,94.00 96.00,90.00 96.00,90.00 Z
           M 535.00,93.00
           C 538.89,102.21 536.57,104.36 528.00,108.00
             528.00,108.00 528.00,110.00 528.00,110.00
             542.77,114.92 540.66,111.84 548.00,111.94
             551.70,111.99 554.13,113.27 561.00,112.98
             562.94,112.90 565.52,112.87 566.34,110.69
             567.34,108.05 564.91,105.27 563.96,103.00
             563.96,103.00 562.00,94.00 562.00,94.00
             545.91,96.88 550.07,89.97 535.00,93.00 Z
           M 107.00,95.00
           C 107.00,95.00 106.00,99.00 106.00,99.00
             106.00,99.00 107.00,95.00 107.00,95.00 Z
           M 568.00,95.00
           C 568.00,95.00 568.00,101.00 568.00,101.00
             568.00,101.00 570.00,95.00 570.00,95.00
             570.00,95.00 568.00,95.00 568.00,95.00 Z
           M 21.00,98.00
           C 21.00,98.00 21.00,99.00 21.00,99.00
             21.00,99.00 22.00,98.00 22.00,98.00
             22.00,98.00 21.00,98.00 21.00,98.00 Z
           M 285.00,98.00
           C 285.97,102.53 286.66,105.67 290.00,109.00
             291.32,103.78 290.46,99.84 285.00,98.00 Z
           M 257.00,103.00
           C 257.00,103.00 254.00,109.00 254.00,109.00
             254.00,109.00 261.00,107.00 261.00,107.00
             261.00,107.00 257.00,103.00 257.00,103.00 Z
           M 447.00,103.00
           C 447.00,103.00 447.00,105.00 447.00,105.00
             447.00,105.00 451.00,105.00 451.00,105.00
             451.00,105.00 451.00,103.00 451.00,103.00
             451.00,103.00 447.00,103.00 447.00,103.00 Z
           M 112.00,104.00
           C 112.00,104.00 111.00,107.00 111.00,107.00
             111.00,107.00 112.00,108.00 112.00,108.00
             112.00,108.00 118.00,106.00 118.00,106.00
             118.00,106.00 112.00,104.00 112.00,104.00 Z
           M 489.00,111.00
           C 493.45,110.84 494.71,111.07 497.00,107.00
             497.00,107.00 496.00,106.00 496.00,106.00
             496.00,106.00 489.00,111.00 489.00,111.00 Z
           M 92.00,107.00
           C 87.31,109.55 85.45,109.98 83.00,115.00
             87.56,113.97 91.92,112.36 92.00,107.00 Z
           M 212.00,111.00
           C 212.00,111.00 211.00,116.00 211.00,116.00
             213.07,113.74 213.47,113.77 212.00,111.00 Z
           M 471.00,113.00
           C 471.00,113.00 473.00,117.00 473.00,117.00
             475.48,114.39 475.45,114.57 475.00,111.00
             475.00,111.00 471.00,113.00 471.00,113.00 Z
           M 65.00,113.00
           C 65.00,113.00 65.00,115.00 65.00,115.00
             65.00,115.00 70.00,115.00 70.00,115.00
             70.00,115.00 65.00,113.00 65.00,113.00 Z
           M 377.00,113.00
           C 377.00,113.00 377.00,115.00 377.00,115.00
             377.00,115.00 391.00,119.00 391.00,119.00
             386.35,113.12 384.09,113.03 377.00,113.00 Z
           M 400.00,116.00
           C 400.00,116.00 403.00,117.00 403.00,117.00
             403.00,117.00 404.00,113.00 404.00,113.00
             404.00,113.00 400.00,116.00 400.00,116.00 Z
           M 441.00,113.00
           C 441.00,113.00 439.00,123.00 439.00,123.00
             448.97,121.93 452.96,113.42 441.00,113.00 Z
           M 298.00,115.00
           C 299.17,121.99 300.35,122.84 307.00,121.00
             307.00,121.00 307.00,117.00 307.00,117.00
             307.00,117.00 298.00,115.00 298.00,115.00 Z
           M 312.00,121.00
           C 312.00,121.00 322.00,118.00 322.00,118.00
             317.31,116.17 315.14,117.32 312.00,121.00 Z" />
</svg>
